Camera summary:
Manufacturer: Panasonic
Model: DC-GH5
  Version: 2.3
  Serial Number: 000000000000000000XGRnnnnnnnnnn
Vendor Extension ID: 0x1c (1.0)

Capture Formats: 
Display Formats: Association/Directory, DPOF, Apple Quicktime, Defined Type, JPEG

Device Capabilities:
	File Download, File Deletion, No File Upload
	No Image Capture, No Open Capture, No vendor specific capture

Storage Devices Summary:

Device Property Summary:
Battery Level(0x5001):(read only) (type=0x2) Range [0 - 100, step 1] value: 75% (75)

Device info:
Manufacturer: Panasonic
  Model: DC-GH5
  device version: 2.3
  serial number: '000000000000000000XGRnnnnnnnnnn'
Vendor extension ID: 0x0000001c
Vendor extension version: 100
Vendor extension description: (null)
Functional Mode: 0x0000
PTP Standard Version: 100
Supported operations:
  0x1001 (Get device info)
  0x1002 (Open session)
  0x1003 (Close session)
  0x1004 (Get storage IDs)
  0x1005 (Get storage info)
  0x1006 (Get number of objects)
  0x1007 (Get object handles)
  0x1008 (Get object info)
  0x1009 (Get object)
  0x100a (Get thumbnail)
  0x100b (Delete object)
  0x100f (Format storage)
  0x1014 (Get device property description)
  0x1015 (Get device property value)
  0x1016 (Set device property value)
  0x101b (Get partial object)
  0x9102 (Get secure time response)
  0x9103 (Set license response)
  0x9104 (Get sync list)
  0x9402 (Unknown PTP_OC)
  0x9403 (Unknown PTP_OC)
  0x9108 (Clean data store)
  0x9404 (Unknown PTP_OC)
  0x9412 (Unknown PTP_OC)
  0x9706 (Unknown PTP_OC)
Events Supported:
  0x4004 (StoreAdded)
  0x4005 (StoreRemoved)
  0x4006 (DevicePropChanged)
  0x4008 (DeviceInfoChanged)
  0x400c (StorageInfoChanged)
  0xc108 (Unknown Event)
  0xc109 (Unknown Event)
  0xc101 (Unknown Event)
  0xc102 (Unknown Event)
  0xc103 (Unknown Event)
  0xc104 (Unknown Event)
  0xc106 (Unknown Event)
  0xc107 (Unknown Event)
  0xc201 (Unknown Event)
  0xc202 (Unknown Event)
  0xc212 (Unknown Event)
Device Properties Supported:
  0x5001 (Battery Level)

0x02000010-9108.log
0000  40 01 00 00 02 00 07 91-04 00 00 00

	10 00 00 02 14 00 00 00 14 00 00 00-01 00 01 00 00 00 00 00 0a 00 00 00 52 03 00 00
	11 00 00 02 14 00 00 00 14 00 00 00 01 00 01 00-00 00 00 00 01 00 00 00 48 00 00 00
	12 00 00 02-14 00 00 00 14 00 00 00 01 00 01 00 00 00 00 00-01 00 00 00 3c 00 00 00
	13 00 00 02 14 00 00 00-14 00 00 00 01 00 01 00 00 00 00 00 01 00 00 00-3c 00 00 00
	14 00 00 02 14 00 00 00 14 00 00 00-01 00 01 00 00 00 00 00 01 00 00 00 3c 00 00 00
	15 00 00 02 14 00 00 00 14 00 00 00 01 00 01 00-00 00 00 00 01 00 00 00 3c 00 00 00
	16 00 00 02-14 00 00 00 14 00 00 00 01 00 01 00 00 00 00 00-01 00 00 00 30 00 00 00
	17 00 00 02 14 00 00 00-14 00 00 00 01 00 01 00 00 00 00 00 01 00 00 00-3c 00 00 00
	18 00 00 02 14 00 00 00 14 00 00 00-01 00 01 00 00 00 00 00 01 00 00 00 2e 00 00 00
	19 00 00 02 14 00 00 00 14 00 00 00 01 00 01 00-00 00 00 00 01 00 00 00 2c 00 00 00
	1a 00 00 02-14 00 00 00 14 00 00 00 01 00 01 00 00 00 00 00-01 00 00 00 3c 00 00 00

0000  48 03 00 00 02 00 08 91-05 00 00 00
	10 00 00 02 14 00 00 00 14 00 00 00-01 00 01 00 00 00 00 00 0a 00 00 00 20 03 00 00
	11 00 00 02 14 00 00 00 14 00 00 00 01 00 01 00-00 00 00 00 01 00 00 00 44 00 00 00
	01 00 00 00-3c 00 00 00 00 00 00 00 01 00 01 00 00 00 00 00-01 00 00 00 04 00 00 00 02 00 00 00 01 00 0f 00-00 00 00 00 01 00 02 00 03 00 04 00 05 00 06 00-07 00 08 00 0b 00 0c 00 0d 00 0e 00 0f 00 11 00
	12 00 00 02 14 00 00 00 14 00 00 00 01 00 01 00-00 00 00 00 01 00 00 00 3c 00 00 00
	01 00 00 00-34 00 00 00 00 00 00 00 01 00 01 00 00 00 00 00-01 00 00 00 04 00 00 00 02 00 00 00 00 00 0b 00-00 00 05 80 04 80 03 80 02 80 01 80 00 00 01 00-02 00 03 00 04 00 05 00
	13 00 00 02 14 00 00 00-14 00 00 00 01 00 01 00 00 00 00 00 01 00 00 00-3c 00 00 00
	01 00 00 00 34 00 00 00 00 00 00 00-01 00 01 00 00 00 00 00 01 00 00 00 04 00 00 00-02 00 00 00 00 00 0b 00 00 00 05 80 04 80 03 80-02 80 01 80 00 00 01 00 02 00 03 00 04 00 05 00
	14 00 00 02 14 00 00 00 14 00 00 00 01 00 01 00-00 00 00 00 01 00 00 00 3c 00 00 00
	01 00 00 00-34 00 00 00 00 00 00 00 01 00 01 00 00 00 00 00-01 00 00 00 04 00 00 00 02 00 00 00 00 00 0b 00-00 00 05 80 04 80 03 80 02 80 01 80 00 00 01 00-02 00 03 00 04 00 05 00
	15 00 00 02 14 00 00 00-14 00 00 00 01 00 01 00 00 00 00 00 01 00 00 00-3c 00 00 00
	01 00 00 00 34 00 00 00 00 00 00 00-01 00 01 00 00 00 00 00 01 00 00 00 04 00 00 00-02 00 00 00 00 00 0b 00 00 00 05 80 04 80 03 80-02 80 01 80 00 00 01 00 02 00 03 00 04 00 05 00
	16 00 00 02 14 00 00 00 14 00 00 00 01 00 01 00-00 00 00 00 01 00 00 00 26 00 00 00
	01 00 00 00-1e 00 00 00 00 00 00 00 0210  01 00 01 00 00 00 00 00-01 00 00 00 04 00 00 00 02 00 00 00 00 00 00 00-00 00
	17 00 00 02 14 00 00 00 14 00 00 00 01 00-01 00 00 00 00 00 01 00 00 00 3c 00 00 00
	01 00-00 00 34 00 00 00 00 00 00 00 01 00 01 00 00 00-00 00 01 00 00 00 04 00 00 00 02 00 00 00 00 00-0b 00 00 00 05 80 04 80 03 80 02 80 01 80 00 00-01 00 02 00 03 00 04 00 05 00
	18 00 00 02 14 00-00 00 14 00 00 00 01 00 01 00 00 00 00 00 01 00-00 00 26 00 00 00
	01 00 00 00 1e 00 00 00 00 00-00 00 01 00 01 00 00 00 00 00 01 00 00 00 04 00-00 00 02 00 00 00 00 00 00 00 00 00
	19 00 00 02-14 00 00 00 14 00 00 00 01 00 01 00 00 00 00 00-01 00 00 00 26 00 00 00
	01 00 00 00 1e 00 00 00-00 00 00 00 01 00 01 00 00 00 00 00 01 00 00 00-04 00 00 00 02 00 00 00 01 00 00 00 00 00
	1a 00-00 02 14 00 00 00 14 00 00 00 01 00 01 00 00 00-00 00 01 00 00 00 26 00 00 00
	01 00 00 00 1e 00-00 00 00 00 00 00 01 00 01 00 00 00 00 00 01 00-00 00 04 00 00 00 02 00 00 00 00 00 00 00 00 00

0000  70 00 00 00 02 00 02 94-06 00 00 00

	11 00 00 02 02 00 00 00 01 00
	12 00 00 02 02 00 00 00 00 00
	13 00 00 02 02 00 00 00 00 00
	14 00 00 02 02 00 00 00 00 00
	15 00 00 02 02 00 00 00 00 00
	16 00 00 02 02 00 00 00 00 00
	17 00 00 02 02 00 00 00 00 00
	18 00 00 02 02 00 00 00 00 00
	19 00 00 02 02 00 00 00 01 00
	1a 00 00 02 02 00 00 00 00 00

0x02000020-9108.log
0000  60 00 00 00 02 00 07 91-04 00 00 00

	20 00 00 02  14 00 00 00  14 00 00 00  01 00 01 00 00 00 00 00 02 00 00 00 10 01 00 00
	21 00 00 02  14 00 00 00  14 00 00 00  01 00 01 00 00 00 00 00 01 00 00 00 94 00 00 00
	22 00 00 02  14 00 00 00  14 00 00 00  01 00 01 00 00 00 00 00 01 00 00 00 44 00 00 00

0000  f4 00 00 00 02 00 08 91-05 00 00 00

	20 00 00 02 14 00 00 00 14 00 00 00-01 00 01 00 00 00 00 00 02 00 00 00 cc 00 00 00
	21 00 00 02 14 00 00 00 14 00 00 00 01 00 01 00-00 00 00 00 01 00 00 00 50 00 00 00
	01 00 00 00-48 00 00 00 00 00 00 00 01 00 01 00 00 00 00 00-01 00 00 00 06 00 00 00 02 00 00 00 00 64 00 00-0a 00 00 00 ff ff ff ff fe ff ff ff c8 00 00 00-90 01 00 00 20 03 00 00 40 06 00 00 80 0c 00 00-00 19 00 00 00 32 00 00 00 64 00 00

	22 00 00 02-14 00 00 00 14 00 00 00 01 00 01 00 00 00 00 00-01 00 00 00 44 00 00 00 
	01 00 00 00 3c 00 00 00-00 00 00 00 01 00 01 00 00 00 00 00 01 00 00 00-06 00 00 00 02 00 00 00 00 00 00 00 07 00 00 00-90 01 00 00 20 03 00 00 40 06 00 00 80 0c 00 00-00 19 00 00 00 32 00 00 00 64 00 00 

0000  24 00 00 00 02 00 02 94-06 00 00 00

	21 00 00 02 04 00 00 00 00 64 00 00
	22 00 00 02 04 00 00 00 00 00 00 00            -                         ....            

0x02000030-9108.log
0000  60 00 00 00 02 00 07 91-04 00 00 00

	30 00 00 02 14 00 00 00 14 00 00 00-01 00 01 00 00 00 00 00 02 00 00 00 ac 01 00 00
	31 00 00 02 14 00 00 00 14 00 00 00 01 00 01 00-00 00 00 00 01 00 00 00 24 01 00 00
	32 00 00 02-14 00 00 00 14 00 00 00 01 00 01 00 00 00 00 00-02 00 00 00 50 00 00 00

0000  d8 00 00 00 02 00 08 91-05 00 00 00
	30 00 00 02 14 00 00 00 14 00 00 00-01 00 01 00 00 00 00 00 02 00 00 00 b0 00 00 00

	31 00 00 02 14 00 00 00 14 00 00 00 01 00 01 00-00 00 00 00 01 00 00 00 28 00 00 00
	01 00 00 00-20 00 00 00 00 00 00 00 01 00 01 00 00 00 00 00-01 00 00 00 06 00 00 00 02 00 00 00 00 12 7a 00 00 00 00 00

	32 00 00 02 14 00 00 00 14 00 00 00-01 00 01 00 00 00 00 00 02 00 00 00 50 00 00 00
	01 00 00 00 20 00 00 00 00 00 00 00 01 00 01 00-00 00 00 00 01 00 00 00 06 00 00 00 02 00 00 00 00 00 00 00 00 00 00 00
	02 00 00 00 20 00 00 00-00 00 00 00 01 00 01 00 00 00 00 00 01 00 00 00-06 00 00 00 02 00 00 00 00 00 00 00 00 00 00 00

0000  28 00 00 00 02 00 02 94-06 00 00 00

	31 00 00 02 04 00 00 00 00 12 7a 00
	32 00 00 02 08 00 00 00 40 1f 00 00 00 24 f4 00

0x02000040-9108.log
0000  60 00 00 00 02 00 07 91-04 00 00 00

	40 00 00 02 14 00 00 00 14 00 00 00-01 00 01 00 00 00 00 00 02 00 00 00 92 01 00 00
	41 00 00 02 14 00 00 00 14 00 00 00 01 00 01 00-00 00 00 00 01 00 00 00 0e 01 00 00
	42 00 00 02-14 00 00 00 14 00 00 00 01 00 01 00 00 00 00 00-02 00 00 00 4c 00 00 00

0000  d2 00 00 00 02 00 08 91-05 00 00 00

	40 00 00 02 14 00 00 00 14 00 00 00-01 00 01 00 00 00 00 00 02 00 00 00 aa 00 00 00
	41 00 00 02 14 00 00 00 14 00 00 00 01 00 01 00-00 00 00 00 01 00 00 00 26 00 00 00
	01 00 00 00-1e 00 00 00 00 00 00 00 01 00 01 00 00 00 00 00-01 00 00 00 04 00 00 00 02 00 00 00 00 00 00 00-00 00
	42 00 00 02 14 00 00 00 14 00 00 00 01 00-01 00 00 00 00 00 02 00 00 00 4c 00 00 00
	01 00-00 00 1e 00 00 00 00 00 00 00 01 00 01 00 00 00-00 00 01 00 00 00 04 00 00 00 02 00 00 00 00 00-00 00 00 00
	02 00 00 00 1e 00 00 00 00 00 00 00-01 00 01 00 00 00 00 00 01 00 00 00 04 00 00 00-02 00 00 00 00 00 00 00 00 00                  -                         ..              

0000  22 00 00 00 02 00 02 94-06 00 00 00

	41 00 00 02 02 00 00 00 26 00
	42 00 00 02 04 00 00 00 26 00 dc 00

0x02000050-9108.log
0000  b4 00 00 00 02 00 07 91-04 00 00 00

	50 00 00 02 14 00 00 00 14 00 00 00-01 00 01 00 00 00 00 00 05 00 00 00 00 02 00 00
	51 00 00 02 14 00 00 00 14 00 00 00 01 00 01 00-00 00 00 00 01 00 00 00 44 00 00 00
	52 00 00 02-14 00 00 00 14 00 00 00 01 00 01 00 00 00 00 00-01 00 00 00 be 00 00 00
	53 00 00 02 14 00 00 00-14 00 00 00 01 00 01 00 00 00 00 00 01 00 00 00-26 00 00 00
	54 00 00 02 14 00 00 00 14 00 00 00-01 00 01 00 00 00 00 00 01 00 00 00 26 00 00 00
	55 00 00 02 14 00 00 00 14 00 00 00 01 00 01 00-00 00 00 00 01 00 00 00 26 00 00 00

0000  90 01 00 00 02 00 08 91-05 00 00 00
	50 00 00 02 14 00 00 00 14 00 00 00-01 00 01 00 00 00 00 00 05 00 00 00 68 01 00 00

	51 00 00 02 14 00 00 00 14 00 00 00 01 00 01 00-00 00 00 00 01 00 00 00 44 00 00 00
	01 00 00 00-3c 00 00 00 00 00 00 00 01 00 01 00 00 00 00 00-01 00 00 00 04 00 00 00 02 00 00 00 02 00 0f 00-00 00 02 00 04 00 08 80 06 00 07 00 0b 80 0c 80-0d 80 0e 80 0f 80 10 80 11 80 12 80 13 80 14 80

	52 00 00 02 14 00 00 00 14 00 00 00 01 00 01 00-00 00 00 00 01 00 00 00 26 00 00 00
	01 00 00 00-1e 00 00 00 00 00 00 00 01 00 01 00 00 00 00 00-01 00 00 00 04 00 00 00 02 00 00 00 7c 15 00 00-00 00

	53 00 00 02 14 00 00 00 14 00 00 00 01 00-01 00 00 00 00 00 01 00 00 00 26 00 00 00
	01 00-00 00 1e 00 00 00 00 00 00 00 01 00 01 00 00 00-00 00 01 00 00 00 04 00 00 00 02 00 00 00 00 00-00 00 00 00
	54 00 00 02 14 00 00 00 14 00 00 00-01 00 01 00 00 00 00 00 01 00 00 00 26 00 00 00
	01 00 00 00 1e 00 00 00 00 00 00 00 01 00 01 00-00 00 00 00 01 00 00 00 04 00 00 00 02 00 00 00-00 00 00 00 00 00
	55 00 00 02 14 00 00 00 14 00-00 00 01 00 01 00 00 00 00 00 01 00 00 00 26 00-00 00
	01 00 00 00 1e 00 00 00 00 00 00 00 01 00-01 00 00 00 00 00 01 00 00 00 04 00 00 00 02 00-00 00 00 00 00 00 00 00

0000  3e 00 00 00 02 00 02 94-06 00 00 00

	51 00 00 02 02 00 00 00 02 00
	52 00 00 02 02 00 00 00 7c 15  
	53 00 00 02 02 00 00 00 00 00
	54 00 00 02 02 00 00 00 00 00
	55 00 00 02 02 00 00 00 00 00

0x02000060-9108.log
0000  60 00 00 00 02 00 07 91-04 00 00 00

	60 00 00 02 14 00 00 00 14 00 00 00-01 00 01 00 00 00 00 00 02 00 00 00 ec 00 00 00
	61 00 00 02 14 00 00 00 14 00 00 00 01 00 01 00-00 00 00 00 01 00 00 00 64 00 00 00
	62 00 00 02-14 00 00 00 14 00 00 00 01 00 01 00 00 00 00 00-02 00 00 00 50 00 00 00

0000  14 01 00 00 02 00 08 91-05 00 00 00

	60 00 00 02 14 00 00 00 14 00 00 00-01 00 01 00 00 00 00 00 02 00 00 00 ec 00 00 00
	61 00 00 02 14 00 00 00 14 00 00 00 01 00 01 00-00 00 00 00 01 00 00 00 64 00 00 00

	01 00 00 00-5c 00 00 00 00 00 00 00 01 00 01 00 00 00 00 00-01 00 00 00 04 00 00 00 02 00 00 00 00 00 1f 00-00 00 0f 80 0e 80 0d 80 0c 80 0b 80 0a 80 09 80-08 80 07 80 06 80 05 80 04 80 03 80 02 80 01 80-00 00 01 00 02 00 03 00 04 00 05 00 06 00 07 00-08 00 09 00 0a 00 0b 00 0c 00 0d 00 0e 00 0f 00

	62 00 00 02 14 00 00 00 14 00 00 00 01 00 01 00-00 00 00 00 02 00 00 00 50 00 00 00
	01 00 00 00 20 00 00 00 00 00 00 00 01 00 01 00 00 00 00 00 01 00 00 00 04 00 00 00 01 00 00 00 00 00 0f 80 0f 00 01 00
	02 00 00 00 20 00 00 00 00 00 00 00 01 00 01 00 00 00 00 00 01 00 00 00 04 00 00 00 01 00 00 00 00 00 0f 80 0f 00 01 00

0000  22 00 00 00 02 00 02 94-06 00 00 00

	61 00 00 02 02 00 00 00 00 00
	62 00 00 02 04 00 00 00 0f 80 0f 00

0x02000070-9108.log
0000  98 00 00 00 02 00 07 91-04 00 00 00

	70 00 00 02 14 00 00 00 14 00 00 00 01 00 01 00 00 00 00 00 04 00 00 00 2e 01 00 00
	71 00 00 02 14 00 00 00 14 00 00 00 01 00 01 00 00 00 00 00 01 00 00 00 2e 00 00 00
	72 00 00 02 14 00 00 00 14 00 00 00 01 00 01 00 00 00 00 00 01 00 00 00 32 00 00 00
	73 00 00 02 14 00 00 00 14 00 00 00 01 00 01 00 00 00 00 00 01 00 00 00 2c 00 00 00
	74 00 00 02 14 00 00 00 14 00 00 00 01 00 01 00 00 00 00 00 01 00 00 00 32 00 00 00

0000  40 01 00 00 02 00 08 91-05 00 00 00

	70 00 00 02 14 00 00 00 14 00 00 00-01 00 01 00 00 00 00 00 04 00 00 00 18 01 00 00
	71 00 00 02 14 00 00 00 14 00 00 00 01 00 01 00-00 00 00 00 01 00 00 00 26 00 00 00
	01 00 00 00-1e 00 00 00 00 00 00 00 01 00 01 00 00 00 00 00-01 00 00 00 04 00 00 00 02 00 00 00 04 00 00 00-00 00
	72 00 00 02 14 00 00 00 14 00 00 00 01 00-01 00 00 00 00 00 01 00 00 00 32 00 00 00
	01 00-00 00 2a 00 00 00 00 00 00 00 01 00 01 00 00 00-00 00 01 00 00 00 04 00 00 00 02 00 00 00 01 00-06 00 00 00 00 00 01 00 02 00 03 00 05 00 06 00
	73 00 00 02 14 00 00 00 14 00 00 00 01 00 01 00-00 00 00 00 01 00 00 00 2a 00 00 00
	01 00 00 00-22 00 00 00 00 00 00 00 01 00 01 00 00 00 00 00-01 00 00 00 04 00 00 00 02 00 00 00 00 00 02 00-00 00 00 00 03 00
	74 00 00 02 14 00 00 00 14 00-00 00 01 00 01 00 00 00 00 00 01 00 00 00 26 00-00 00
	01 00 00 00 1e 00 00 00 00 00 00 00 01 00-01 00 00 00 00 00 01 00 00 00 04 00 00 00 02 00-00 00 02 00 00 00 00 00

0000  34 00 00 00 02 00 02 94-06 00 00 00

	71 00 00 02 02 00 00 00 04 00
	72 00 00 02 02 00 00 00 01 00
	73 00 00 02 02 00 00 00-00 00
	74 00 00 02 02 00 00 00 02 00

0x02000080-9108.log
0000  ec 00 00 00 02 00 07 91-04 00 00 00

	80 00 00 02 14 00 00 00 14 00 00 00 01 00 01 00 00 00 00 00 07 00 00 00 58 02 00 00
	81 00 00 02 14 00 00 00 14 00 00 00 01 00 01 00 00 00 00 00 01 00 00 00 32 00 00 00
	82 00 00 02 14 00 00 00 14 00 00 00 01 00 01 00 00 00 00 00 01 00 00 00 3e 00 00 00
	83 00 00 02 14 00 00 00 14 00 00 00 01 00 01 00 00 00 00 00 01 00 00 00 54 00 00 00
	84 00 00 02 14 00 00 00 14 00 00 00 01 00 01 00 00 00 00 00 01 00 00 00 2a 00 00 00
	85 00 00 02 14 00 00 00 14 00 00 00 01 00 01 00 00 00 00 00 01 00 00 00 2c 00 00 00
	86 00 00 02 14 00 00 00 14 00 00 00 01 00 01 00 00 00 00 00 01 00 00 00 4e 00 00 00
	87 00 00 02 14 00 00 00 14 00 00 00 01 00 01 00 00 00 00 00 01 00 00 00 2c 00 00 00

0000  5c 02 00 00 02 00 08 91-05 00 00 00

	80 00 00 02 14 00 00 00 14 00 00 00-01 00 01 00 00 00 00 00 07 00 00 00 34 02 00 00
	81 00 00 02 14 00 00 00 14 00 00 00 01 00 01 00-00 00 00 00 01 00 00 00 26 00 00 00
	01 00 00 00-1e 00 00 00 00 00 00 00 01 00 01 00 00 00 00 00-01 00 00 00 04 00 00 00 02 00 00 00 00 00 00 00-00 00

	82 00 00 02 14 00 00 00 14 00 00 00 01 00-01 00 00 00 00 00 01 00 00 00 26 00 00 00
	01 00-00 00 1e 00 00 00 00 00 00 00 01 00 01 00 00 00-00 00 01 00 00 00 04 00 00 00 02 00 00 00 00 00-00 00 00 00
	83 00 00 02 14 00 00 00 14 00 00 00-01 00 01 00 00 00 00 00 01 00 00 00 54 00 00 00
	01 00 00 00 4c 00 00 00 00 00 00 00 01 00 01 00-00 00 00 00 01 00 00 00 04 00 00 00 02 00 00 00-16 00 17 00 00 00 00 00 01 00 02 00 03 00 04 00-05 00 06 00 07 00 08 00 09 00 0a 00 0c 00 0d 00-0e 00 0f 00 10 00 11 00 12 00 13 00 14 00 15 00-16 00 0b 00

	84 00 00 02 14 00 00 00 14 00 00 00-01 00 01 00 00 00 00 00 01 00 00 00 2a 00 00 00
	01 00 00 00 22 00 00 00 00 00 00 00 01 00 01 00-00 00 00 00 01 00 00 00 04 00 00 00 02 00 00 00-01 00 02 00 00 00 00 00 01 00

	85 00 00 02 14 00-00 00 14 00 00 00 01 00 01 00 00 00 00 00 01 00-00 00 2c 00 00 00
	01 00 00 00 24 00 00 00 00 00-00 00 01 00 01 00 00 00 00 00 01 00 00 00 04 00-00 00 02 00 00 00 02 00 03 00 00 00 01 00 02 00-03 00

	86 00 00 02 14 00 00 00 14 00 00 00 01 00-01 00 00 00 00 00 01 00 00 00 4e 00 00 00
	01 00-00 00 46 00 00 00 00 00 01d0  00 00 01 00 01 00 00 00-00 00 01 00 00 00 04 00 00 00 02 00 00 00 01 00-14 00 00 00 01 00 02 00 04 00 07 00 08 00 09 00-0a 00 0b 00 0c 00 0d 00 0e 00 0f 00 10 00 11 00-12 00 13 00 14 00 15 00 16 00 17 00

	87 00 00 02-14 00 00 00 14 00 00 00 01 00 01 00 00 00 00 00-01 00 00 00 2c 00 00 00
	01 00 00 00 24 00 00 00-00 00 00 00 01 00 01 00 00 00 00 00 01 00 00 00-04 00 00 00 02 00 00 00 01 00 03 00 00 00 01 00-02 00 03 00

0000  52 00 00 00 02 00 02 94-06 00 00 00

	81 00 00 02 02 00 00 00 00 00
	82 00-00 02 02 00 00 00 00 00
	83 00 00 02 02 00 00 00-16 00
	84 00 00 02 02 00 00 00 01 00
	85 00 00 02-02 00 00 00 02 00
	86 00 00 02 02 00 00 00 01 00
	87 00 00 02 02 00 00 00 01 00

0x020000A2-9108.log
0000  44 00 00 00 02 00 07 91-04 00 00 00

	a2 00 00 02 14 00 00 00 14 00 00 00-01 00 01 00 00 00 00 00 01 00 00 00 50 00 00 00
	a2 00 00 02 14 00 00 00 14 00 00 00 01 00 01 00-00 00 00 00 01 00 00 00 34 00 00 00

0000  74 00 00 00 02 00 08 91-05 00 00 00

	a2 00 00 02 14 00 00 00 14 00 00 00-01 00 01 00 00 00 00 00 01 00 00 00 4c 00 00 00
	a2 00 00 02 14 00 00 00 14 00 00 00 01 00 01 00-00 00 00 00 01 00 00 00 30 00 00 00
	01 00 00 00-28 00 00 00 00 00 00 00 01 00 01 00 00 00 00 00-01 00 00 00 04 00 00 00 02 00 00 00 00 00 05 00-00 00 00 00 01 00 03 00 04 00 05 00

0000  16 00 00 00 02 00 02 94-06 00 00 00

	a2 00 00 02 02 00 00 00 00 00

0x020000B0-9108.log
0000  60 00 00 00 02 00 07 91-04 00 00 00

	b0 00 00 02 14 00 00 00 14 00 00 00-01 00 01 00 00 00 00 00 02 00 00 00 90 00 00 00
	b1 00 00 02 14 00 00 00 14 00 00 00 01 00 01 00-00 00 00 00 01 00 00 00 2c 00 00 00
	b2 00 00 02-14 00 00 00 14 00 00 00 01 00 01 00 00 00 00 00-01 00 00 00 2c 00 00 00

0000  b8 00 00 00 02 00 08 91-05 00 00 00

	b0 00 00 02 14 00 00 00 14 00 00 00-01 00 01 00 00 00 00 00 02 00 00 00 90 00 00 00

	b1 00 00 02 14 00 00 00 14 00 00 00 01 00 01 00-00 00 00 00 01 00 00 00 2c 00 00 00
	01 00 00 00-24 00 00 00 00 00 00 00 01 00 01 00 00 00 00 00-01 00 00 00 04 00 00 00 02 00 00 00 01 00 03 00-00 00 00 00 01 00 02 00

	b2 00 00 02 14 00 00 00-14 00 00 00 01 00 01 00 00 00 00 00 01 00 00 00-2c 00 00 00
	01 00 00 00 24 00 00 00 00 00 00 00-01 00 01 00 00 00 00 00 01 00 00 00 04 00 00 00-02 00 00 00 00 00 03 00 00 00 00 00 01 00 02 00

0000  20 00 00 00 02 00 02 94-06 00 00 00

	b1 00 00 02 02 00 00 00 01 00
	b2 00-00 02 02 00 00 00 00 00

0x020000C0-9108.log
0000  98 00 00 00 02 00 07 91-04 00 00 00 c0 00 00 02  ................
0010  14 00 00 00 14 00 00 00-01 00 01 00 00 00 00 00  ................
0020  04 00 00 00 ae 01 00 00-c1 00 00 02 14 00 00 00  ................
0030  14 00 00 00 01 00 01 00-00 00 00 00 01 00 00 00  ................
0040  2a 00 00 00 c2 00 00 02-14 00 00 00 14 00 00 00  *...............
0050  01 00 01 00 00 00 00 00-01 00 00 00 2a 00 00 00  ............*...
0060  c3 00 00 02 14 00 00 00-14 00 00 00 01 00 01 00  ................
0070  00 00 00 00 02 00 00 00-50 00 00 00 c4 00 00 02  ........P.......
0080  14 00 00 00 14 00 00 00-01 00 01 00 00 00 00 00  ................
0090  04 00 00 00 9a 00 00 00-                         ........        

0000  d6 01 00 00 02 00 08 91-05 00 00 00 c0 00 00 02  ................
0010  14 00 00 00 14 00 00 00-01 00 01 00 00 00 00 00  ................
0020  04 00 00 00 ae 01 00 00-c1 00 00 02 14 00 00 00  ................
0030  14 00 00 00 01 00 01 00-00 00 00 00 01 00 00 00  ................
0040  2a 00 00 00 01 00 00 00-22 00 00 00 00 00 00 00  *.......".......
0050  01 00 01 00 00 00 00 00-01 00 00 00 04 00 00 00  ................
0060  02 00 00 00 00 00 02 00-00 00 00 00 01 00 c2 00  ................
0070  00 02 14 00 00 00 14 00-00 00 01 00 01 00 00 00  ................
0080  00 00 01 00 00 00 2a 00-00 00 01 00 00 00 22 00  ......*.......".
0090  00 00 00 00 00 00 01 00-01 00 00 00 00 00 01 00  ................
00a0  00 00 04 00 00 00 02 00-00 00 00 00 02 00 00 00  ................
00b0  00 00 01 00 c3 00 00 02-14 00 00 00 14 00 00 00  ................
00c0  01 00 01 00 00 00 00 00-02 00 00 00 50 00 00 00  ............P...
00d0  01 00 00 00 20 00 00 00-00 00 00 00 01 00 01 00  .... ...........
00e0  00 00 00 00 01 00 00 00-04 00 00 00 01 00 00 00  ................
00f0  00 00 00 00 17 00 01 00-02 00 00 00 20 00 00 00  ............ ...
0100  00 00 00 00 01 00 01 00-00 00 00 00 01 00 00 00  ................
0110  04 00 00 00 01 00 00 00-00 00 00 00 3b 00 01 00  ............;...
0120  c4 00 00 02 14 00 00 00-14 00 00 00 01 00 01 00  ................
0130  00 00 00 00 04 00 00 00-9a 00 00 00 01 00 00 00  ................
0140  20 00 00 00 00 00 00 00-01 00 01 00 00 00 00 00   ...............
0150  01 00 00 00 04 00 00 00-01 00 00 00 00 00 00 00  ................
0160  3b 00 01 00 02 00 00 00-20 00 00 00 00 00 00 00  ;....... .......
0170  01 00 01 00 00 00 00 00-01 00 00 00 04 00 00 00  ................
0180  01 00 00 00 00 00 00 00-3b 00 01 00 03 00 00 00  ........;.......
0190  20 00 00 00 00 00 00 00-01 00 01 00 00 00 00 00   ...............
01a0  01 00 00 00 04 00 00 00-01 00 00 00 00 00 00 00  ................
01b0  09 00 01 00 04 00 00 00-1a 00 00 00 00 00 00 00  ................
01c0  01 00 01 00 00 00 00 00-01 00 00 00 04 00 00 00  ................
01d0  00 00 00 00 00 00      -                         ......          

0000  3c 00 00 00 02 00 02 94-06 00 00 00 c1 00 00 02  <...............
0010  02 00 00 00 00 00 c2 00-00 02 02 00 00 00 00 00  ................
0020  c3 00 00 02 04 00 00 00-00 00 00 00 c4 00 00 02  ................
0030  08 00 00 00 00 00 06 00-00 00 01 00              ............    
0x020000E0-9108.log
0000  b4 00 00 00 02 00 07 91-04 00 00 00 e0 00 00 02  ................
0010  14 00 00 00 14 00 00 00-01 00 01 00 00 00 00 00  ................
0020  05 00 00 00 ae 01 00 00-e1 00 00 02 14 00 00 00  ................
0030  14 00 00 00 01 00 01 00-00 00 00 00 01 00 00 00  ................
0040  2a 00 00 00 e2 00 00 02-14 00 00 00 14 00 00 00  *...............
0050  01 00 01 00 00 00 00 00-02 00 00 00 50 00 00 00  ............P...
0060  e3 00 00 02 14 00 00 00-14 00 00 00 01 00 01 00  ................
0070  00 00 00 00 01 00 00 00-2e 00 00 00 e4 00 00 02  ................
0080  14 00 00 00 14 00 00 00-01 00 01 00 00 00 00 00  ................
0090  02 00 00 00 50 00 00 00-e5 00 00 02 14 00 00 00  ....P...........
00a0  14 00 00 00 01 00 01 00-00 00 00 00 01 00 00 00  ................
00b0  2a 00 00 00            -                         *...            

0000  d6 01 00 00 02 00 08 91-05 00 00 00 e0 00 00 02  ................
0010  14 00 00 00 14 00 00 00-01 00 01 00 00 00 00 00  ................
0020  05 00 00 00 ae 01 00 00-e1 00 00 02 14 00 00 00  ................
0030  14 00 00 00 01 00 01 00-00 00 00 00 01 00 00 00  ................
0040  2a 00 00 00 01 00 00 00-22 00 00 00 00 00 00 00  *.......".......
0050  01 00 01 00 00 00 00 00-01 00 00 00 04 00 00 00  ................
0060  02 00 00 00 01 00 02 00-00 00 00 00 01 00 e2 00  ................
0070  00 02 14 00 00 00 14 00-00 00 01 00 01 00 00 00  ................
0080  00 00 02 00 00 00 50 00-00 00 01 00 00 00 20 00  ......P....... .
0090  00 00 00 00 00 00 01 00-01 00 00 00 00 00 01 00  ................
00a0  00 00 04 00 00 00 01 00-00 00 00 00 00 00 e8 03  ................
00b0  01 00 02 00 00 00 20 00-00 00 00 00 00 00 01 00  ...... .........
00c0  01 00 00 00 00 00 01 00-00 00 04 00 00 00 01 00  ................
00d0  00 00 00 00 00 00 e8 03-01 00 e3 00 00 02 14 00  ................
00e0  00 00 14 00 00 00 01 00-01 00 00 00 00 00 01 00  ................
00f0  00 00 2e 00 00 00 01 00-00 00 26 00 00 00 00 00  ..........&.....
0100  00 00 01 00 01 00 00 00-00 00 01 00 00 00 04 00  ................
0110  00 00 02 00 00 00 00 00-04 00 00 00 00 00 01 00  ................
0120  02 00 03 00 e4 00 00 02-14 00 00 00 14 00 00 00  ................
0130  01 00 01 00 00 00 00 00-02 00 00 00 50 00 00 00  ............P...
0140  01 00 00 00 20 00 00 00-00 00 00 00 01 00 01 00  .... ...........
0150  00 00 00 00 01 00 00 00-04 00 00 00 01 00 00 00  ................
0160  00 00 00 00 e8 03 01 00-02 00 00 00 20 00 00 00  ............ ...
0170  00 00 00 00 01 00 01 00-00 00 00 00 01 00 00 00  ................
0180  04 00 00 00 01 00 00 00-00 00 00 00 e8 03 01 00  ................
0190  e5 00 00 02 14 00 00 00-14 00 00 00 01 00 01 00  ................
01a0  00 00 00 00 01 00 00 00-2a 00 00 00 01 00 00 00  ........*.......
01b0  22 00 00 00 00 00 00 00-01 00 01 00 00 00 00 00  "...............
01c0  01 00 00 00 04 00 00 00-02 00 00 00 00 00 02 00  ................
01d0  00 00 00 00 01 00      -                         ......          

0000  42 00 00 00 02 00 02 94-06 00 00 00 e1 00 00 02  B...............
0010  02 00 00 00 01 00 e2 00-00 02 04 00 00 00 1c 00  ................
0020  04 00 e3 00 00 02 02 00-00 00 00 00 e4 00 00 02  ................
0030  04 00 00 00 f4 01 f4 01-e5 00 00 02 02 00 00 00  ................
0040  00 00                  -                         ..              
0x02000110-9108.log
0000  5c 01 00 00 02 00 07 91-04 00 00 00 10 01 00 02  \...............
0010  14 00 00 00 14 00 00 00-01 00 01 00 00 00 00 00  ................
0020  0b 00 00 00 58 03 00 00-11 01 00 02 14 00 00 00  ....X...........
0030  14 00 00 00 01 00 01 00-00 00 00 00 01 00 00 00  ................
0040  30 00 00 00 12 01 00 02-14 00 00 00 14 00 00 00  0...............
0050  01 00 01 00 00 00 00 00-01 00 00 00 2a 00 00 00  ............*...
0060  13 01 00 02 14 00 00 00-14 00 00 00 01 00 01 00  ................
0070  00 00 00 00 01 00 00 00-2a 00 00 00 14 01 00 02  ........*.......
0080  14 00 00 00 14 00 00 00-01 00 01 00 00 00 00 00  ................
0090  01 00 00 00 2a 00 00 00-15 01 00 02 14 00 00 00  ....*...........
00a0  14 00 00 00 01 00 01 00-00 00 00 00 01 00 00 00  ................
00b0  4c 00 00 00 16 01 00 02-14 00 00 00 14 00 00 00  L...............
00c0  01 00 01 00 00 00 00 00-01 00 00 00 2a 00 00 00  ............*...
00d0  17 01 00 02 14 00 00 00-14 00 00 00 01 00 01 00  ................
00e0  00 00 00 00 01 00 00 00-52 00 00 00 18 01 00 02  ........R.......
00f0  14 00 00 00 14 00 00 00-01 00 01 00 00 00 00 00  ................
0100  01 00 00 00 2a 00 00 00-19 01 00 02 14 00 00 00  ....*...........
0110  14 00 00 00 01 00 01 00-00 00 00 00 01 00 00 00  ................
0120  2e 00 00 00 1a 01 00 02-14 00 00 00 14 00 00 00  ................
0130  01 00 01 00 00 00 00 00-01 00 00 00 2a 00 00 00  ............*...
0140  1b 01 00 02 14 00 00 00-14 00 00 00 01 00 01 00  ................
0150  00 00 00 00 01 00 00 00-2c 00 00 00              ........,...    

0000  02 03 00 00 02 00 08 91-05 00 00 00 10 01 00 02  ................
0010  14 00 00 00 14 00 00 00-01 00 01 00 00 00 00 00  ................
0020  0b 00 00 00 da 02 00 00-11 01 00 02 14 00 00 00  ................
0030  14 00 00 00 01 00 01 00-00 00 00 00 01 00 00 00  ................
0040  26 00 00 00 01 00 00 00-1e 00 00 00 00 00 00 00  &...............
0050  01 00 01 00 00 00 00 00-01 00 00 00 04 00 00 00  ................
0060  02 00 00 00 05 00 00 00-00 00 12 01 00 02 14 00  ................
0070  00 00 14 00 00 00 01 00-01 00 00 00 00 00 01 00  ................
0080  00 00 2a 00 00 00 01 00-00 00 22 00 00 00 00 00  ..*.......".....
0090  00 00 01 00 01 00 00 00-00 00 01 00 00 00 04 00  ................
00a0  00 00 02 00 00 00 01 00-02 00 00 00 01 00 02 00  ................
00b0  13 01 00 02 14 00 00 00-14 00 00 00 01 00 01 00  ................
00c0  00 00 00 00 01 00 00 00-26 00 00 00 01 00 00 00  ........&.......
00d0  1e 00 00 00 00 00 00 00-01 00 01 00 00 00 00 00  ................
00e0  01 00 00 00 04 00 00 00-02 00 00 00 01 00 00 00  ................
00f0  00 00 14 01 00 02 14 00-00 00 14 00 00 00 01 00  ................
0100  01 00 00 00 00 00 01 00-00 00 26 00 00 00 01 00  ..........&.....
0110  00 00 1e 00 00 00 00 00-00 00 01 00 01 00 00 00  ................
0120  00 00 01 00 00 00 04 00-00 00 02 00 00 00 01 00  ................
0130  00 00 00 00 15 01 00 02-14 00 00 00 14 00 00 00  ................
0140  01 00 01 00 00 00 00 00-01 00 00 00 26 00 00 00  ............&...
0150  01 00 00 00 1e 00 00 00-00 00 00 00 01 00 01 00  ................
0160  00 00 00 00 01 00 00 00-04 00 00 00 02 00 00 00  ................
0170  00 00 00 00 00 00 16 01-00 02 14 00 00 00 14 00  ................
0180  00 00 01 00 01 00 00 00-00 00 01 00 00 00 26 00  ..............&.
0190  00 00 01 00 00 00 1e 00-00 00 00 00 00 00 01 00  ................
01a0  01 00 00 00 00 00 01 00-00 00 04 00 00 00 02 00  ................
01b0  00 00 01 00 00 00 00 00-17 01 00 02 14 00 00 00  ................
01c0  14 00 00 00 01 00 01 00-00 00 00 00 01 00 00 00  ................
01d0  26 00 00 00 01 00 00 00-1e 00 00 00 00 00 00 00  &...............
01e0  01 00 01 00 00 00 00 00-01 00 00 00 04 00 00 00  ................
01f0  02 00 00 00 00 00 00 00-00 00 18 01 00 02 14 00  ................
0200  00 00 14 00 00 00 01 00-01 00 00 00 00 00 01 00  ................
0210  00 00 26 00 00 00 01 00-00 00 1e 00 00 00 00 00  ..&.............
0220  00 00 01 00 01 00 00 00-00 00 01 00 00 00 04 00  ................
0230  00 00 02 00 00 00 01 00-00 00 00 00 19 01 00 02  ................
0240  14 00 00 00 14 00 00 00-01 00 01 00 00 00 00 00  ................
0250  01 00 00 00 26 00 00 00-01 00 00 00 1e 00 00 00  ....&...........
0260  00 00 00 00 01 00 01 00-00 00 00 00 01 00 00 00  ................
0270  04 00 00 00 02 00 00 00-01 00 00 00 00 00 1a 01  ................
0280  00 02 14 00 00 00 14 00-00 00 01 00 01 00 00 00  ................
0290  00 00 01 00 00 00 26 00-00 00 01 00 00 00 1e 00  ......&.........
02a0  00 00 00 00 00 00 01 00-01 00 00 00 00 00 01 00  ................
02b0  00 00 04 00 00 00 02 00-00 00 01 00 00 00 00 00  ................
02c0  1b 01 00 02 14 00 00 00-14 00 00 00 01 00 01 00  ................
02d0  00 00 00 00 01 00 00 00-26 00 00 00 01 00 00 00  ........&.......
02e0  1e 00 00 00 00 00 00 00-01 00 01 00 00 00 00 00  ................
02f0  01 00 00 00 04 00 00 00-02 00 00 00 03 00 00 00  ................
0300  00 00                  -                         ..              

0000  7a 00 00 00 02 00 02 94-06 00 00 00 11 01 00 02  z...............
0010  02 00 00 00 05 00 12 01-00 02 02 00 00 00 01 00  ................
0020  13 01 00 02 02 00 00 00-01 00 14 01 00 02 02 00  ................
0030  00 00 01 00 15 01 00 02-02 00 00 00 00 00 16 01  ................
0040  00 02 02 00 00 00 01 00-17 01 00 02 02 00 00 00  ................
0050  00 00 18 01 00 02 02 00-00 00 01 00 19 01 00 02  ................
0060  02 00 00 00 01 00 1a 01-00 02 02 00 00 00 01 00  ................
0070  1b 01 00 02 02 00 00 00-03 00                    ..........      


0x02000120-9108.log
0000  d0 00 00 00 02 00 07 91-04 00 00 00 20 01 00 02  ............ ...
0010  14 00 00 00 14 00 00 00-01 00 01 00 00 00 00 00  ................
0020  06 00 00 00 aa 01 00 00-21 01 00 02 14 00 00 00  ........!.......
0030  14 00 00 00 01 00 01 00-00 00 00 00 01 00 00 00  ................
0040  2a 00 00 00 22 01 00 02-14 00 00 00 14 00 00 00  *..."...........
0050  01 00 01 00 00 00 00 00-01 00 00 00 30 00 00 00  ............0...
0060  23 01 00 02 14 00 00 00-14 00 00 00 01 00 01 00  #...............
0070  00 00 00 00 01 00 00 00-2a 00 00 00 24 01 00 02  ........*...$...
0080  14 00 00 00 14 00 00 00-01 00 01 00 00 00 00 00  ................
0090  01 00 00 00 2a 00 00 00-25 01 00 02 14 00 00 00  ....*...%.......
00a0  14 00 00 00 01 00 01 00-00 00 00 00 01 00 00 00  ................
00b0  2a 00 00 00 26 01 00 02-14 00 00 00 14 00 00 00  *...&...........
00c0  01 00 01 00 00 00 00 00-01 00 00 00 2a 00 00 00  ............*...

0000  d0 01 00 00 02 00 08 91-04 00 00 00 20 01 00 02  ............ ...
0010  14 00 00 00 14 00 00 00-01 00 01 00 00 00 00 00  ................
0020  06 00 00 00 a8 01 00 00-21 01 00 02 14 00 00 00  ........!.......
0030  14 00 00 00 01 00 01 00-00 00 00 00 01 00 00 00  ................
0040  2a 00 00 00 01 00 00 00-22 00 00 00 00 00 00 00  *.......".......
0050  01 00 01 00 00 00 00 00-01 00 00 00 04 00 00 00  ................
0060  02 00 00 00 00 00 02 00-00 00 00 00 01 00 22 01  ..............".
0070  00 02 14 00 00 00 14 00-00 00 01 00 01 00 00 00  ................
0080  00 00 01 00 00 00 2e 00-00 00 01 00 00 00 26 00  ..............&.
0090  00 00 00 00 00 00 01 00-01 00 00 00 00 00 01 00  ................
00a0  00 00 04 00 00 00 02 00-00 00 03 00 04 00 00 00  ................
00b0  00 00 02 00 03 00 04 00-23 01 00 02 14 00 00 00  ........#.......
00c0  14 00 00 00 01 00 01 00-00 00 00 00 01 00 00 00  ................
00d0  2a 00 00 00 01 00 00 00-22 00 00 00 00 00 00 00  *.......".......
00e0  01 00 01 00 00 00 00 00-01 00 00 00 04 00 00 00  ................
00f0  02 00 00 00 01 00 02 00-00 00 00 00 01 00 24 01  ..............$.
0100  00 02 14 00 00 00 14 00-00 00 01 00 01 00 00 00  ................
0110  00 00 01 00 00 00 2a 00-00 00 01 00 00 00 22 00  ......*.......".
0120  00 00 00 00 00 00 01 00-01 00 00 00 00 00 01 00  ................
0130  00 00 04 00 00 00 02 00-00 00 01 00 02 00 00 00  ................
0140  00 00 01 00 25 01 00 02-14 00 00 00 14 00 00 00  ....%...........
0150  01 00 01 00 00 00 00 00-01 00 00 00 2a 00 00 00  ............*...
0160  01 00 00 00 22 00 00 00-00 00 00 00 01 00 01 00  ...."...........
0170  00 00 00 00 01 00 00 00-04 00 00 00 02 00 00 00  ................
0180  00 00 02 00 00 00 00 00-01 00 26 01 00 02 14 00  ..........&.....
0190  00 00 14 00 00 00 01 00-01 00 00 00 00 00 01 00  ................
01a0  00 00 2a 00 00 00 01 00-00 00 22 00 00 00 00 00  ..*.......".....
01b0  00 00 01 00 01 00 00 00-00 00 01 00 00 00 04 00  ................
01c0  00 00 02 00 00 00 01 00-02 00 00 00 00 00 01 00  ................

0000  48 00 00 00 02 00 02 94-04 00 00 00 21 01 00 02  H...........!...
0010  02 00 00 00 00 00 22 01-00 02 02 00 00 00 03 00  ......".........
0020  23 01 00 02 02 00 00 00-01 00 24 01 00 02 02 00  #.........$.....
0030  00 00 01 00 25 01 00 02-02 00 00 00 00 00 26 01  ....%.........&.
0040  00 02 02 00 00 00 01 00-                         ........        

0x02000140-9108.log
0000  44 00 00 00 02 00 07 91-04 00 00 00 40 01 00 02  D...........@...
0010  14 00 00 00 14 00 00 00-01 00 01 00 00 00 00 00  ................
0020  01 00 00 00 4e 00 00 00-41 01 00 02 14 00 00 00  ....N...A.......
0030  14 00 00 00 01 00 01 00-00 00 00 00 01 00 00 00  ................
0040  32 00 00 00            -                         2...            

0000  70 00 00 00 02 00 08 91-05 00 00 00 40 01 00 02  p...........@...
0010  14 00 00 00 14 00 00 00-01 00 01 00 00 00 00 00  ................
0020  01 00 00 00 48 00 00 00-41 01 00 02 14 00 00 00  ....H...A.......
0030  14 00 00 00 01 00 01 00-00 00 00 00 01 00 00 00  ................
0040  2c 00 00 00 01 00 00 00-24 00 00 00 00 00 00 00  ,.......$.......
0050  01 00 01 00 00 00 00 00-01 00 00 00 04 00 00 00  ................
0060  02 00 00 00 01 00 03 00-00 00 01 00 03 00 04 00  ................

0000  16 00 00 00 02 00 02 94-06 00 00 00 41 01 00 02  ............A...
0010  02 00 00 00 01 00      -                         ......          
0x02000170-9108.log
0000  7c 00 00 00 02 00 07 91-04 00 00 00 70 01 00 02  |...........p...
0010  14 00 00 00 14 00 00 00-01 00 01 00 00 00 00 00  ................
0020  03 00 00 00 de 00 00 00-71 01 00 02 14 00 00 00  ........q.......
0030  14 00 00 00 01 00 01 00-00 00 00 00 01 00 00 00  ................
0040  34 00 00 00 72 01 00 02-14 00 00 00 14 00 00 00  4...r...........
0050  01 00 01 00 00 00 00 00-01 00 00 00 2a 00 00 00  ............*...
0060  73 01 00 02 14 00 00 00-14 00 00 00 01 00 01 00  s...............
0070  00 00 00 00 01 00 00 00-2c 00 00 00              ........,...    

0000  f8 00 00 00 02 00 08 91-05 00 00 00 70 01 00 02  ............p...
0010  14 00 00 00 14 00 00 00-01 00 01 00 00 00 00 00  ................
0020  03 00 00 00 d0 00 00 00-71 01 00 02 14 00 00 00  ........q.......
0030  14 00 00 00 01 00 01 00-00 00 00 00 01 00 00 00  ................
0040  26 00 00 00 01 00 00 00-1e 00 00 00 00 00 00 00  &...............
0050  01 00 01 00 00 00 00 00-01 00 00 00 04 00 00 00  ................
0060  02 00 00 00 00 00 00 00-00 00 72 01 00 02 14 00  ..........r.....
0070  00 00 14 00 00 00 01 00-01 00 00 00 00 00 01 00  ................
0080  00 00 2a 00 00 00 01 00-00 00 22 00 00 00 00 00  ..*.......".....
0090  00 00 01 00 01 00 00 00-00 00 01 00 00 00 04 00  ................
00a0  00 00 02 00 00 00 00 00-02 00 00 00 00 00 01 00  ................
00b0  73 01 00 02 14 00 00 00-14 00 00 00 01 00 01 00  s...............
00c0  00 00 00 00 01 00 00 00-2c 00 00 00 01 00 00 00  ........,.......
00d0  24 00 00 00 00 00 00 00-01 00 01 00 00 00 00 00  $...............
00e0  01 00 00 00 04 00 00 00-02 00 00 00 00 00 03 00  ................
00f0  00 00 00 00 01 00 02 00-                         ........        

0000  2a 00 00 00 02 00 02 94-06 00 00 00 71 01 00 02  *...........q...
0010  02 00 00 00 00 00 72 01-00 02 02 00 00 00 00 00  ......r.........
0020  73 01 00 02 02 00 00 00-00 00                    s.........      
0x020001A0-9108.log
0000  44 00 00 00 02 00 07 91-04 00 00 00 a0 01 00 02  D...............
0010  14 00 00 00 14 00 00 00-01 00 01 00 00 00 00 00  ................
0020  01 00 00 00 48 00 00 00-a1 01 00 02 14 00 00 00  ....H...........
0030  14 00 00 00 01 00 01 00-00 00 00 00 01 00 00 00  ................
0040  2c 00 00 00            -                         ,...            

0000  70 00 00 00 02 00 08 91-05 00 00 00 a0 01 00 02  p...............
0010  14 00 00 00 14 00 00 00-01 00 01 00 00 00 00 00  ................
0020  01 00 00 00 48 00 00 00-a1 01 00 02 14 00 00 00  ....H...........
0030  14 00 00 00 01 00 01 00-00 00 00 00 01 00 00 00  ................
0040  2c 00 00 00 01 00 00 00-24 00 00 00 00 00 00 00  ,.......$.......
0050  01 00 01 00 00 00 00 00-01 00 00 00 04 00 00 00  ................
0060  02 00 00 00 01 00 03 00-00 00 01 00 02 00 03 00  ................

0000  16 00 00 00 02 00 02 94-06 00 00 00 a1 01 00 02  ................
0010  02 00 00 00 01 00      -                         ......          
0x020001B0-9108.log
0000  cc 01 00 00 02 00 07 91-04 00 00 00 b0 01 00 02  ................
0010  14 00 00 00 14 00 00 00-01 00 01 00 00 00 00 00  ................
0020  0f 00 00 00 9c 05 00 00-b1 01 00 02 14 00 00 00  ................
0030  14 00 00 00 01 00 01 00-00 00 00 00 01 00 00 00  ................
0040  2a 00 00 00 b2 01 00 02-14 00 00 00 14 00 00 00  *...............
0050  01 00 01 00 00 00 00 00-01 00 00 00 2e 00 00 00  ................
0060  b3 01 00 02 14 00 00 00-14 00 00 00 01 00 01 00  ................
0070  00 00 00 00 01 00 00 00-2e 00 00 00 b4 01 00 02  ................
0080  14 00 00 00 14 00 00 00-01 00 01 00 00 00 00 00  ................
0090  01 00 00 00 2e 00 00 00-b5 01 00 02 14 00 00 00  ................
00a0  14 00 00 00 01 00 01 00-00 00 00 00 01 00 00 00  ................
00b0  4c 00 00 00 b6 01 00 02-14 00 00 00 14 00 00 00  L...............
00c0  01 00 01 00 00 00 00 00-01 00 00 00 4c 00 00 00  ............L...
00d0  b7 01 00 02 14 00 00 00-14 00 00 00 01 00 01 00  ................
00e0  00 00 00 00 01 00 00 00-4c 00 00 00 b8 01 00 02  ........L.......
00f0  14 00 00 00 14 00 00 00-01 00 01 00 00 00 00 00  ................
0100  01 00 00 00 4c 00 00 00-b9 01 00 02 14 00 00 00  ....L...........
0110  14 00 00 00 01 00 01 00-00 00 00 00 01 00 00 00  ................
0120  52 00 00 00 ba 01 00 02-14 00 00 00 14 00 00 00  R...............
0130  01 00 01 00 00 00 00 00-01 00 00 00 52 00 00 00  ............R...
0140  bb 01 00 02 14 00 00 00-14 00 00 00 01 00 01 00  ................
0150  00 00 00 00 01 00 00 00-52 00 00 00 bc 01 00 02  ........R.......
0160  14 00 00 00 14 00 00 00-01 00 01 00 00 00 00 00  ................
0170  01 00 00 00 52 00 00 00-bd 01 00 02 14 00 00 00  ....R...........
0180  14 00 00 00 01 00 01 00-00 00 00 00 01 00 00 00  ................
0190  2e 00 00 00 be 01 00 02-14 00 00 00 14 00 00 00  ................
01a0  01 00 01 00 00 00 00 00-01 00 00 00 4c 00 00 00  ............L...
01b0  bf 01 00 02 14 00 00 00-14 00 00 00 01 00 01 00  ................
01c0  00 00 00 00 01 00 00 00-52 00 00 00              ........R...    

0000  06 04 00 00 02 00 08 91-05 00 00 00 b0 01 00 02  ................
0010  14 00 00 00 14 00 00 00-01 00 01 00 00 00 00 00  ................
0020  0f 00 00 00 de 03 00 00-b1 01 00 02 14 00 00 00  ................
0030  14 00 00 00 01 00 01 00-00 00 00 00 01 00 00 00  ................
0040  26 00 00 00 01 00 00 00-1e 00 00 00 00 00 00 00  &...............
0050  01 00 01 00 00 00 00 00-01 00 00 00 04 00 00 00  ................
0060  02 00 00 00 01 00 00 00-00 00 b2 01 00 02 14 00  ................
0070  00 00 14 00 00 00 01 00-01 00 00 00 00 00 01 00  ................
0080  00 00 26 00 00 00 01 00-00 00 1e 00 00 00 00 00  ..&.............
0090  00 00 01 00 01 00 00 00-00 00 01 00 00 00 04 00  ................
00a0  00 00 02 00 00 00 01 00-00 00 00 00 b3 01 00 02  ................
00b0  14 00 00 00 14 00 00 00-01 00 01 00 00 00 00 00  ................
00c0  01 00 00 00 26 00 00 00-01 00 00 00 1e 00 00 00  ....&...........
00d0  00 00 00 00 01 00 01 00-00 00 00 00 01 00 00 00  ................
00e0  04 00 00 00 02 00 00 00-01 00 00 00 00 00 b4 01  ................
00f0  00 02 14 00 00 00 14 00-00 00 01 00 01 00 00 00  ................
0100  00 00 01 00 00 00 26 00-00 00 01 00 00 00 1e 00  ......&.........
0110  00 00 00 00 00 00 01 00-01 00 00 00 00 00 01 00  ................
0120  00 00 04 00 00 00 02 00-00 00 01 00 00 00 00 00  ................
0130  b5 01 00 02 14 00 00 00-14 00 00 00 01 00 01 00  ................
0140  00 00 00 00 01 00 00 00-26 00 00 00 01 00 00 00  ........&.......
0150  1e 00 00 00 00 00 00 00-01 00 01 00 00 00 00 00  ................
0160  01 00 00 00 04 00 00 00-02 00 00 00 00 00 00 00  ................
0170  00 00 b6 01 00 02 14 00-00 00 14 00 00 00 01 00  ................
0180  01 00 00 00 00 00 01 00-00 00 26 00 00 00 01 00  ..........&.....
0190  00 00 1e 00 00 00 00 00-00 00 01 00 01 00 00 00  ................
01a0  00 00 01 00 00 00 04 00-00 00 02 00 00 00 00 00  ................
01b0  00 00 00 00 b7 01 00 02-14 00 00 00 14 00 00 00  ................
01c0  01 00 01 00 00 00 00 00-01 00 00 00 26 00 00 00  ............&...
01d0  01 00 00 00 1e 00 00 00-00 00 00 00 01 00 01 00  ................
01e0  00 00 00 00 01 00 00 00-04 00 00 00 02 00 00 00  ................
01f0  00 00 00 00 00 00 b8 01-00 02 14 00 00 00 14 00  ................
0200  00 00 01 00 01 00 00 00-00 00 01 00 00 00 26 00  ..............&.
0210  00 00 01 00 00 00 1e 00-00 00 00 00 00 00 01 00  ................
0220  01 00 00 00 00 00 01 00-00 00 04 00 00 00 02 00  ................
0230  00 00 00 00 00 00 00 00-b9 01 00 02 14 00 00 00  ................
0240  14 00 00 00 01 00 01 00-00 00 00 00 01 00 00 00  ................
0250  26 00 00 00 01 00 00 00-1e 00 00 00 00 00 00 00  &...............
0260  01 00 01 00 00 00 00 00-01 00 00 00 04 00 00 00  ................
0270  02 00 00 00 00 00 00 00-00 00 ba 01 00 02 14 00  ................
0280  00 00 14 00 00 00 01 00-01 00 00 00 00 00 01 00  ................
0290  00 00 26 00 00 00 01 00-00 00 1e 00 00 00 00 00  ..&.............
02a0  00 00 01 00 01 00 00 00-00 00 01 00 00 00 04 00  ................
02b0  00 00 02 00 00 00 00 00-00 00 00 00 bb 01 00 02  ................
02c0  14 00 00 00 14 00 00 00-01 00 01 00 00 00 00 00  ................
02d0  01 00 00 00 26 00 00 00-01 00 00 00 1e 00 00 00  ....&...........
02e0  00 00 00 00 01 00 01 00-00 00 00 00 01 00 00 00  ................
02f0  04 00 00 00 02 00 00 00-00 00 00 00 00 00 bc 01  ................
0300  00 02 14 00 00 00 14 00-00 00 01 00 01 00 00 00  ................
0310  00 00 01 00 00 00 26 00-00 00 01 00 00 00 1e 00  ......&.........
0320  00 00 00 00 00 00 01 00-01 00 00 00 00 00 01 00  ................
0330  00 00 04 00 00 00 02 00-00 00 00 00 00 00 00 00  ................
0340  bd 01 00 02 14 00 00 00-14 00 00 00 01 00 01 00  ................
0350  00 00 00 00 01 00 00 00-26 00 00 00 01 00 00 00  ........&.......
0360  1e 00 00 00 00 00 00 00-01 00 01 00 00 00 00 00  ................
0370  01 00 00 00 04 00 00 00-02 00 00 00 01 00 00 00  ................
0380  00 00 be 01 00 02 14 00-00 00 14 00 00 00 01 00  ................
0390  01 00 00 00 00 00 01 00-00 00 26 00 00 00 01 00  ..........&.....
03a0  00 00 1e 00 00 00 00 00-00 00 01 00 01 00 00 00  ................
03b0  00 00 01 00 00 00 04 00-00 00 02 00 00 00 00 00  ................
03c0  00 00 00 00 bf 01 00 02-14 00 00 00 14 00 00 00  ................
03d0  01 00 01 00 00 00 00 00-01 00 00 00 26 00 00 00  ............&...
03e0  01 00 00 00 1e 00 00 00-00 00 00 00 01 00 01 00  ................
03f0  00 00 00 00 01 00 00 00-04 00 00 00 02 00 00 00  ................

0000  a2 00 00 00 02 00 02 94-06 00 00 00 b1 01 00 02  ................
0010  02 00 00 00 01 00 b2 01-00 02 02 00 00 00 01 00  ................
0020  b3 01 00 02 02 00 00 00-01 00 b4 01 00 02 02 00  ................
0030  00 00 01 00 b5 01 00 02-02 00 00 00 00 00 b6 01  ................
0040  00 02 02 00 00 00 00 00-b7 01 00 02 02 00 00 00  ................
0050  00 00 b8 01 00 02 02 00-00 00 00 00 b9 01 00 02  ................
0060  02 00 00 00 00 00 ba 01-00 02 02 00 00 00 00 00  ................
0070  bb 01 00 02 02 00 00 00-00 00 bc 01 00 02 02 00  ................
0080  00 00 00 00 bd 01 00 02-02 00 00 00 01 00 be 01  ................
0090  00 02 02 00 00 00 00 00-bf 01 00 02 02 00 00 00  ................
00a0  00 00                  -                         ..              

0x020001C0-9108.log
0000  60 00 00 00 02 00 07 91-04 00 00 00 c0 01 00 02  `...............
0010  14 00 00 00 14 00 00 00-01 00 01 00 00 00 00 00  ................
0020  02 00 00 00 8e 00 00 00-c1 01 00 02 14 00 00 00  ................
0030  14 00 00 00 01 00 01 00-00 00 00 00 01 00 00 00  ................
0040  2c 00 00 00 c2 01 00 02-14 00 00 00 14 00 00 00  ,...............
0050  01 00 01 00 00 00 00 00-01 00 00 00 2a 00 00 00  ............*...

0000  b6 00 00 00 02 00 08 91-04 00 00 00 c0 01 00 02  ................
0010  14 00 00 00 14 00 00 00-01 00 01 00 00 00 00 00  ................
0020  02 00 00 00 8e 00 00 00-c1 01 00 02 14 00 00 00  ................
0030  14 00 00 00 01 00 01 00-00 00 00 00 01 00 00 00  ................
0040  2c 00 00 00 01 00 00 00-24 00 00 00 00 00 00 00  ,.......$.......
0050  01 00 01 00 00 00 00 00-01 00 00 00 04 00 00 00  ................
0060  02 00 00 00 02 00 03 00-00 00 00 00 01 00 02 00  ................
0070  c2 01 00 02 14 00 00 00-14 00 00 00 01 00 01 00  ................
0080  00 00 00 00 01 00 00 00-2a 00 00 00 01 00 00 00  ........*.......
0090  22 00 00 00 00 00 00 00-01 00 01 00 00 00 00 00  "...............
00a0  01 00 00 00 04 00 00 00-02 00 00 00 03 00 02 00  ................
00b0  00 00 02 00 03 00      -                         ......          

0000  20 00 00 00 02 00 02 94-04 00 00 00 c1 01 00 02   ...............
0010  02 00 00 00 02 00 c2 01-00 02 02 00 00 00 03 00  ................

0x020001D0-9108.log
0000  b4 00 00 00 02 00 07 91-04 00 00 00 d0 01 00 02  ................
0010  14 00 00 00 14 00 00 00-01 00 01 00 00 00 00 00  ................
0020  05 00 00 00 bc 04 00 00-d1 01 00 02 14 00 00 00  ................
0030  14 00 00 00 01 00 01 00-00 00 00 00 05 00 00 00  ................
0040  c6 00 00 00 d2 01 00 02-14 00 00 00 14 00 00 00  ................
0050  01 00 01 00 00 00 00 00-10 00 00 00 7e 02 00 00  ............~...
0060  d3 01 00 02 14 00 00 00-14 00 00 00 01 00 01 00  ................
0070  00 00 00 00 02 00 00 00-4e 00 00 00 d4 01 00 02  ........N.......
0080  14 00 00 00 14 00 00 00-01 00 01 00 00 00 00 00  ................
0090  02 00 00 00 4e 00 00 00-d5 01 00 02 14 00 00 00  ....N...........
00a0  14 00 00 00 01 00 01 00-00 00 00 00 02 00 00 00  ................
00b0  50 00 00 00            -                         P...            

0000  e4 04 00 00 02 00 08 91-04 00 00 00 d0 01 00 02  ................
0010  14 00 00 00 14 00 00 00-01 00 01 00 00 00 00 00  ................
0020  05 00 00 00 bc 04 00 00-d1 01 00 02 14 00 00 00  ................
0030  14 00 00 00 01 00 01 00-00 00 00 00 05 00 00 00  ................
0040  c6 00 00 00 01 00 00 00-20 00 00 00 00 00 00 00  ........ .......
0050  01 00 01 00 00 00 00 00-01 00 00 00 04 00 00 00  ................
0060  01 00 00 00 00 00 00 00-e8 03 01 00 02 00 00 00  ................
0070  20 00 00 00 00 00 00 00-01 00 01 00 00 00 00 00   ...............
0080  01 00 00 00 04 00 00 00-01 00 00 00 00 00 00 00  ................
0090  e8 03 01 00 03 00 00 00-20 00 00 00 00 00 00 00  ........ .......
00a0  01 00 01 00 00 00 00 00-01 00 00 00 04 00 00 00  ................
00b0  01 00 00 00 00 00 00 00-e8 03 01 00 04 00 00 00  ................
00c0  20 00 00 00 00 00 00 00-01 00 01 00 00 00 00 00   ...............
00d0  01 00 00 00 04 00 00 00-01 00 00 00 00 00 00 00  ................
00e0  e8 03 01 00 05 00 00 00-1e 00 00 00 00 00 00 00  ................
00f0  01 00 01 00 00 00 00 00-01 00 00 00 04 00 00 00  ................
0100  02 00 00 00 00 00 00 00-00 00 d2 01 00 02 14 00  ................
0110  00 00 14 00 00 00 01 00-01 00 00 00 00 00 10 00  ................
0120  00 00 7e 02 00 00 01 00-00 00 20 00 00 00 00 00  ..~....... .....
0130  00 00 01 00 01 00 00 00-00 00 01 00 00 00 04 00  ................
0140  00 00 01 00 00 00 00 00-00 00 e8 03 01 00 02 00  ................
0150  00 00 20 00 00 00 00 00-00 00 01 00 01 00 00 00  .. .............
0160  00 00 01 00 00 00 04 00-00 00 01 00 00 00 00 00  ................
0170  00 00 e8 03 01 00 03 00-00 00 20 00 00 00 00 00  .......... .....
0180  00 00 01 00 01 00 00 00-00 00 01 00 00 00 04 00  ................
0190  00 00 01 00 00 00 00 00-00 00 e8 03 01 00 04 00  ................
01a0  00 00 20 00 00 00 00 00-00 00 01 00 01 00 00 00  .. .............
01b0  00 00 01 00 00 00 04 00-00 00 01 00 00 00 00 00  ................
01c0  00 00 e8 03 01 00 05 00-00 00 1e 00 00 00 00 00  ................
01d0  00 00 01 00 01 00 00 00-00 00 01 00 00 00 04 00  ................
01e0  00 00 02 00 00 00 00 00-00 00 00 00 06 00 00 00  ................
01f0  20 00 00 00 00 00 00 00-01 00 01 00 00 00 00 00   ...............
0200  01 00 00 00 04 00 00 00-01 00 00 00 00 00 00 00  ................
0210  e7 03 01 00 07 00 00 00-20 00 00 00 00 00 00 00  ........ .......
0220  01 00 01 00 00 00 00 00-01 00 00 00 04 00 00 00  ................
0230  01 00 00 00 00 00 00 00-e7 03 01 00 08 00 00 00  ................
0240  20 00 00 00 00 00 00 00-01 00 01 00 00 00 00 00   ...............
0250  01 00 00 00 04 00 00 00-01 00 00 00 00 00 00 00  ................
0260  e7 03 01 00 09 00 00 00-20 00 00 00 00 00 00 00  ........ .......
0270  01 00 01 00 00 00 00 00-01 00 00 00 04 00 00 00  ................
0280  01 00 00 00 00 00 00 00-e7 03 01 00 0a 00 00 00  ................
0290  20 00 00 00 00 00 00 00-01 00 01 00 00 00 00 00   ...............
02a0  01 00 00 00 04 00 00 00-01 00 00 00 00 00 00 00  ................
02b0  e7 03 01 00 0b 00 00 00-20 00 00 00 00 00 00 00  ........ .......
02c0  01 00 01 00 00 00 00 00-01 00 00 00 04 00 00 00  ................
02d0  01 00 00 00 00 00 00 00-e7 03 01 00 0c 00 00 00  ................
02e0  20 00 00 00 00 00 00 00-01 00 01 00 00 00 00 00   ...............
02f0  01 00 00 00 04 00 00 00-01 00 00 00 00 00 00 00  ................
0300  e7 03 01 00 0d 00 00 00-20 00 00 00 00 00 00 00  ........ .......
0310  01 00 01 00 00 00 00 00-01 00 00 00 04 00 00 00  ................
0320  01 00 00 00 00 00 00 00-e7 03 01 00 0e 00 00 00  ................
0330  20 00 00 00 00 00 00 00-01 00 01 00 00 00 00 00   ...............
0340  01 00 00 00 04 00 00 00-01 00 00 00 00 00 00 00  ................
0350  e7 03 01 00 0f 00 00 00-20 00 00 00 00 00 00 00  ........ .......
0360  01 00 01 00 00 00 00 00-01 00 00 00 04 00 00 00  ................
0370  01 00 00 00 00 00 00 00-e7 03 01 00 10 00 00 00  ................
0380  20 00 00 00 00 00 00 00-01 00 01 00 00 00 00 00   ...............
0390  01 00 00 00 04 00 00 00-01 00 00 00 00 00 00 00  ................
03a0  e7 03 01 00 d3 01 00 02-14 00 00 00 14 00 00 00  ................
03b0  01 00 01 00 00 00 00 00-02 00 00 00 4e 00 00 00  ............N...
03c0  01 00 00 00 20 00 00 00-00 00 00 00 01 00 01 00  .... ...........
03d0  00 00 00 00 01 00 00 00-04 00 00 00 01 00 00 00  ................
03e0  00 00 00 00 ff 00 01 00-02 00 00 00 1e 00 00 00  ................
03f0  00 00 00 00 01 00 01 00-00 00 00 00 01 00 00 00  ................
02e0  20 00 00 00 00 00 00 00-01 00 01 00 00 00 00 00   ...............
02f0  01 00 00 00 04 00 00 00-01 00 00 00 00 00 00 00  ................
0300  e7 03 01 00 0d 00 00 00-20 00 00 00 00 00 00 00  ........ .......
0310  01 00 01 00 00 00 00 00-01 00 00 00 04 00 00 00  ................
0320  01 00 00 00 00 00 00 00-e7 03 01 00 0e 00 00 00  ................
0330  20 00 00 00 00 00 00 00-01 00 01 00 00 00 00 00   ...............
0340  01 00 00 00 04 00 00 00-01 00 00 00 00 00 00 00  ................
0350  e7 03 01 00 0f 00 00 00-20 00 00 00 00 00 00 00  ........ .......
0360  01 00 01 00 00 00 00 00-01 00 00 00 04 00 00 00  ................
0370  01 00 00 00 00 00 00 00-e7 03 01 00 10 00 00 00  ................
0380  20 00 00 00 00 00 00 00-01 00 01 00 00 00 00 00   ...............
0390  01 00 00 00 04 00 00 00-01 00 00 00 00 00 00 00  ................
03a0  e7 03 01 00 d3 01 00 02-14 00 00 00 14 00 00 00  ................
03b0  01 00 01 00 00 00 00 00-02 00 00 00 4e 00 00 00  ............N...
03c0  01 00 00 00 20 00 00 00-00 00 00 00 01 00 01 00  .... ...........
03d0  00 00 00 00 01 00 00 00-04 00 00 00 01 00 00 00  ................
03e0  00 00 00 00 ff 00 01 00-02 00 00 00 1e 00 00 00  ................
03f0  00 00 00 00 01 00 01 00-00 00 00 00 01 00 00 00  ................
02e0  20 00 00 00 00 00 00 00-01 00 01 00 00 00 00 00   ...............
02f0  01 00 00 00 04 00 00 00-01 00 00 00 00 00 00 00  ................
0300  e7 03 01 00 0d 00 00 00-20 00 00 00 00 00 00 00  ........ .......
0310  01 00 01 00 00 00 00 00-01 00 00 00 04 00 00 00  ................
0320  01 00 00 00 00 00 00 00-e7 03 01 00 0e 00 00 00  ................
0330  20 00 00 00 00 00 00 00-01 00 01 00 00 00 00 00   ...............
0340  01 00 00 00 04 00 00 00-01 00 00 00 00 00 00 00  ................
0350  e7 03 01 00 0f 00 00 00-20 00 00 00 00 00 00 00  ........ .......
0360  01 00 01 00 00 00 00 00-01 00 00 00 04 00 00 00  ................
0370  01 00 00 00 00 00 00 00-e7 03 01 00 10 00 00 00  ................
0380  20 00 00 00 00 00 00 00-01 00 01 00 00 00 00 00   ...............
0390  01 00 00 00 04 00 00 00-01 00 00 00 00 00 00 00  ................
03a0  e7 03 01 00 d3 01 00 02-14 00 00 00 14 00 00 00  ................
03b0  01 00 01 00 00 00 00 00-02 00 00 00 4e 00 00 00  ............N...
03c0  01 00 00 00 20 00 00 00-00 00 00 00 01 00 01 00  .... ...........
03d0  00 00 00 00 01 00 00 00-04 00 00 00 01 00 00 00  ................
03e0  00 00 00 00 ff 00 01 00-02 00 00 00 1e 00 00 00  ................
03f0  00 00 00 00 01 00 01 00-00 00 00 00 01 00 00 00  ................
0400  04 00 00 00 02 00 00 00-00 00 00 00 00 00 d4 01  ................
0410  00 02 14 00 00 00 14 00-00 00 01 00 01 00 00 00  ................
0420  00 00 02 00 00 00 4e 00-00 00 01 00 00 00 20 00  ......N....... .
0430  00 00 00 00 00 00 01 00-01 00 00 00 00 00 01 00  ................
0440  00 00 04 00 00 00 01 00-00 00 00 00 00 00 ff 00  ................
0450  01 00 02 00 00 00 1e 00-00 00 00 00 00 00 01 00  ................
0460  01 00 00 00 00 00 01 00-00 00 04 00 00 00 02 00  ................
0470  00 00 00 00 00 00 00 00-d5 01 00 02 14 00 00 00  ................
0480  14 00 00 00 01 00 01 00-00 00 00 00 02 00 00 00  ................
0490  50 00 00 00 01 00 00 00-20 00 00 00 00 00 00 00  P....... .......
04a0  01 00 01 00 00 00 00 00-01 00 00 00 04 00 00 00  ................
04b0  01 00 00 00 00 00 00 00-e7 03 01 00 02 00 00 00  ................
04c0  20 00 00 00 00 00 00 00-01 00 01 00 00 00 00 00   ...............
04d0  01 00 00 00 04 00 00 00-01 00 00 00 00 00 00 00  ................
04e0  e7 03 01 00            -                         ....

0000  49 01 00 00 02 00 02 94-04 00 00 00 d1 01 00 02  I...............
0010  0a 00 00 00 f4 01 f4 01-9c 00 d0 00 00 00 d2 01  ................
0020  00 02 20 00 00 00 f4 01-f4 01 4b 01 4d 01 ff ff  .. .......K.M...
0030  2c 01 f4 01 f4 01 25 01-27 01 bf 02 bc 02 f4 01  ,.....%.'.......
0040  f4 01 4b 01 4d 01 d3 01-00 02 04 00 00 00 ff ff  ..K.M...........
0050  02 00 d4 01 00 02 e3 00-00 00 70 00 00 00 00 00  ..........p.....
0060  00 00 00 00 00 00 00 00-00 00 00 00 00 00 00 00  ................
0070  00 00 00 00 00 00 00 00-00 00 00 00 00 00 00 00  ................
0080  00 00 00 00 00 00 00 00-00 00 00 00 00 00 00 00  ................
0090  00 00 00 00 00 00 00 00-00 00 00 00 00 00 01 01  ................
00a0  01 00 00 00 00 00 00 00-00 00 00 00 01 01 01 01  ................
00b0  01 00 00 00 00 00 00 00-00 00 01 01 01 01 01 01  ................
00c0  01 00 00 00 00 00 00 00-00 01 01 01 01 01 01 01  ................
00d0  00 00 00 00 00 00 00 00-01 01 01 01 01 01 01 00  ................
00e0  00 00 00 00 00 00 00 00-01 01 01 01 01 00 00 00  ................
00f0  00 00 00 00 00 00 00 00-01 01 01 00 00 00 00 00  ................
0100  00 00 00 00 00 00 00 00-00 00 00 00 00 00 00 00  ................
0110  00 00 00 00 00 00 00 00-00 00 00 00 00 00 00 00  ................
0120  00 00 00 00 00 00 00 00-00 00 00 00 00 00 00 00  ................
0130  00 00 00 00 00 00 00 00-00 00 00 00 00 d5 01 00  ................
0140  02 04 00 00 00 f4 01 f4-01                       .........

expinshot:
0x12000020	9414 (no results fromn 9107 and 9108)

this should contain current values of exposure based attributes.

0000  56 00 00 00 02 00 14 94-04 00 00 00

	21 00 00 12 02 00 00 00 26 00
	22 00-00 12 04 00 00 00 48 e8 01 00
	23 00 00 12 04 00-00 00 fd ff ff ff
	24 00 00 12 02 00 00 00 00 00
	25 00 00 12 02 00 00 00 00 00
	26 00 00 12 02 00-00 00 00 00
	27 00 00 12 02 00 00 00 00 00

